time	nose_x	nose_y	r_shoulder_x	r_shoulder_y	l_shoulder_x	l_shooulder_t	cursor_x	cursor_y	block	repetition	target	trial	state	comeback	is_blind	at_home	count_mouse	score
1.8813999999983935	0.0	0.0	0.0	0.0	0.0	0.0	600.0	325.0	1	1	0	1	0	1	0	1	0	0
36.38220000000729	0.0	0.0	600.0	325.0	1	1	0	1	0	1	0	1	0	0
71.56979999999749	0.0	0.0	600.0	325.0	1	1	0	1	0	1	0	1	0	0
106.37230000000272	0.0	0.0	600.0	325.0	1	1	0	1	0	1	0	1	0	0
140.62219999999797	0.0	0.0	600.0	325.0	1	1	0	1	0	1	0	1	0	0
174.31350000000384	0.0	0.0	600.0	325.0	1	1	0	1	0	1	0	1	0	0
208.4991000000009	0.0	0.0	600.0	325.0	1	1	0	1	0	1	0	1	0	0
243.43129999999655	0.0	0.0	600.0	325.0	1	1	0	1	0	1	0	1	0	0
277.385300000009	0.0	0.0	600.0	325.0	1	1	0	1	0	1	0	1	0	0
311.48979999999574	0.0	0.0	600.0	325.0	1	1	0	1	0	1	0	1	0	0
345.51350000000093	0.0	0.0	600.0	325.0	1	1	0	1	0	1	0	1	0	0
380.7676000000065	0.0	0.0	600.0	325.0	1	1	0	1	0	1	0	1	0	0
414.83000000000175	0.0	0.0	600.0	325.0	1	1	0	1	0	1	0	1	0	0
448.4979000000021	0.0	0.0	600.0	325.0	1	1	0	1	0	1	0	1	0	0
482.3076000000001	0.0	0.0	600.0	325.0	1	1	0	1	0	1	0	1	0	0
516.3110000000015	0.0	0.0	600.0	325.0	1	1	0	1	0	1	0	1	0	0
550.3196000000025	0.0	0.0	600.0	325.0	1	1	0	1	0	1	0	1	0	0
585.3291000000027	0.0	0.0	600.0	325.0	1	1	0	1	0	1	0	1	0	0
620.357799999998	0.0	0.0	600.0	325.0	1	1	0	1	0	1	0	1	0	0
655.8176000000094	0.0	0.0	600.0	325.0	1	1	0	1	0	1	0	1	0	0
690.3073000000004	0.0	0.0	600.0	325.0	1	1	0	1	0	1	0	1	0	0
724.3657999999996	0.0	0.0	600.0	325.0	1	1	0	1	0	1	0	1	0	0
758.4389000000083	0.0	0.0	600.0	325.0	1	1	0	1	0	1	0	1	0	0
792.4475999999995	0.0	0.0	600.0	325.0	1	1	0	1	0	1	0	1	0	0
827.3141000000032	0.0	0.0	600.0	325.0	1	1	0	1	0	1	0	1	0	0
861.3436000000074	0.0	0.0	600.0	325.0	1	1	0	1	0	1	0	1	0	0
896.4220999999961	0.0	0.0	600.0	325.0	1	1	0	1	0	1	0	1	0	0
931.4020000000019	0.0	0.0	600.0	325.0	1	1	0	1	0	1	0	1	0	0
966.8453000000009	0.0	0.0	600.0	325.0	1	1	0	1	0	1	0	1	0	0
1004.1702000000078	0.0	0.0	1.0637900775796207	0.4949345671257559	1	1	0	1	0	1	0	1	0	0
1038.3196000000025	0.0	0.0	1.0637900775796207	0.4949345671257559	1	1	0	1	0	1	0	1	0	0
1072.4618000000046	0.4931124746799469	0.7804830074310303	1.0637900775796207	0.4949345671257559	1	1	0	1	1	1	0	1	0	0
1106.4269000000058	0.4931124746799469	0.7804830074310303	1.0637900775796207	0.4949345671257559	1	1	0	1	1	1	0	1	0	0
1141.345199999996	0.4931124746799469	0.7804830074310303	1.0637900775796207	0.4949345671257559	1	1	0	1	1	1	0	1	0	0
1175.3965000000026	0.4931124746799469	0.7804830074310303	1.0637900775796207	0.4949345671257559	1	1	0	1	1	1	0	1	0	0
1210.3269	0.4931124746799469	0.7804830074310303	1.0637900775796207	0.4949345671257559	1	1	0	1	1	1	0	1	0	0
1244.7265000000043	0.4931124746799469	0.7804830074310303	1.0637900775796207	0.4949345671257559	1	1	0	1	1	1	0	1	0	0
1278.4294999999984	0.4931124746799469	0.7804830074310303	1.0637900775796207	0.4949345671257559	1	1	0	1	1	1	0	1	0	0
1313.537400000001	0.4931124746799469	0.7804830074310303	1.0637900775796207	0.4949345671257559	1	1	0	1	1	1	0	1	0	0
1347.3119000000006	0.4931124746799469	0.7804830074310303	1.0637900775796207	0.4949345671257559	1	1	0	1	1	1	0	1	0	0
1381.3108999999968	0.4931124746799469	0.7804830074310303	1.0637900775796207	0.4949345671257559	1	1	0	1	1	1	0	1	0	0
1415.4407000000065	0.4931124746799469	0.7804830074310303	1.0637900775796207	0.4949345671257559	1	1	0	1	1	1	0	1	0	0
1450.4046999999991	0.4931124746799469	0.7804830074310303	1.0637900775796207	0.4949345671257559	1	1	0	1	1	1	0	1	0	0
1485.3312000000005	0.4931124746799469	0.7804830074310303	1.0637900775796207	0.4949345671257559	1	1	0	1	1	1	0	1	0	0
1520.401800000007	0.4931124746799469	0.7804830074310303	1.0637900775796207	0.4949345671257559	1	1	0	1	1	1	0	1	0	0
1555.6900000000023	0.4931124746799469	0.7804830074310303	1.0637900775796207	0.4949345671257559	1	1	0	1	1	1	0	1	0	0
1590.3151999999973	0.4931124746799469	0.7804830074310303	1.0637900775796207	0.4949345671257559	1	1	0	1	1	1	0	1	0	0
1625.3119000000006	0.4931124746799469	0.7804830074310303	1.0637900775796207	0.4949345671257559	1	1	0	1	1	1	0	1	0	0
1660.5405000000028	0.4931124746799469	0.7804830074310303	1.0637900775796207	0.4949345671257559	1	1	0	1	1	1	0	1	0	0
1694.313399999999	0.4931124746799469	0.7804830074310303	1.0637900775796207	0.4949345671257559	1	1	0	1	1	1	0	1	0	0
1729.403999999995	0.4931124746799469	0.7804830074310303	1.0637900775796207	0.4949345671257559	1	1	0	1	1	1	0	1	0	0
1764.4082999999955	0.4931124746799469	0.7804830074310303	1.0637900775796207	0.4949345671257559	1	1	0	1	1	1	0	1	0	0
1797.733500000002	0.4931124746799469	0.7804830074310303	1.0637900775796207	0.4949345671257559	1	1	0	1	1	1	0	1	0	0
1831.6417999999976	0.4931124746799469	0.7804830074310303	1.0637900775796207	0.4949345671257559	1	1	0	1	1	1	0	1	0	0
1866.7350000000006	0.4931124746799469	0.7804830074310303	1.0637900775796207	0.4949345671257559	1	1	0	1	1	1	0	1	0	0
1900.4475000000093	0.4931124746799469	0.7804830074310303	1.0637900775796207	0.4949345671257559	1	1	0	1	1	1	0	1	0	0
1934.3494000000064	0.4931124746799469	0.7804830074310303	1.0637900775796207	0.4949345671257559	1	1	0	1	1	1	0	1	0	0
1970.2428999999975	0.5386888384819031	0.757236123085022	6.913155075159278	3.216385907999869	1	1	0	1	1	1	0	1	0	0
2004.499800000005	0.5386888384819031	0.757236123085022	6.913155075159278	3.216385907999869	1	1	0	1	1	1	0	1	0	0
2039.5323999999964	0.5386888384819031	0.757236123085022	6.913155075159278	3.216385907999869	1	1	0	1	1	1	0	1	0	0
2073.4256000000023	0.5386888384819031	0.757236123085022	6.913155075159278	3.216385907999869	1	1	0	1	1	1	0	1	0	0
2108.344100000002	0.5386888384819031	0.757236123085022	6.913155075159278	3.216385907999869	1	1	0	1	1	1	0	1	0	0
2143.3410000000003	0.5386888384819031	0.757236123085022	6.913155075159278	3.216385907999869	1	1	0	1	1	1	0	1	0	0
2179.4333000000042	0.5386888384819031	0.757236123085022	6.913155075159278	3.216385907999869	1	1	0	1	1	1	0	1	0	0
2214.3928000000014	0.5386888384819031	0.757236123085022	6.913155075159278	3.216385907999869	1	1	0	1	1	1	0	1	0	0
2248.416100000002	0.5386888384819031	0.757236123085022	6.913155075159278	3.216385907999869	1	1	0	1	1	1	0	1	0	0
2282.3435000000027	0.5386888384819031	0.757236123085022	6.913155075159278	3.216385907999869	1	1	0	1	1	1	0	1	0	0
2316.4732000000076	0.5386888384819031	0.757236123085022	6.913155075159278	3.216385907999869	1	1	0	1	1	1	0	1	0	0
2351.4563000000053	0.5386888384819031	0.757236123085022	6.913155075159278	3.216385907999869	1	1	0	1	1	1	0	1	0	0
2386.4599000000017	0.5386888384819031	0.757236123085022	6.913155075159278	3.216385907999869	1	1	0	1	1	1	0	1	0	0
2421.553700000004	0.5386888384819031	0.757236123085022	6.913155075159278	3.216385907999869	1	1	0	1	1	1	0	1	0	0
2455.338499999998	0.5386888384819031	0.757236123085022	6.913155075159278	3.216385907999869	1	1	0	1	1	1	0	1	0	0
2489.3368000000046	0.5386888384819031	0.757236123085022	6.913155075159278	3.216385907999869	1	1	0	1	1	1	0	1	0	0
2524.188500000004	0.5386888384819031	0.757236123085022	6.913155075159278	3.216385907999869	1	1	0	1	1	1	0	1	0	0
2558.3513999999996	0.5386888384819031	0.757236123085022	6.913155075159278	3.216385907999869	1	1	0	1	1	1	0	1	0	0
2593.465400000001	0.5386888384819031	0.757236123085022	6.913155075159278	3.216385907999869	1	1	0	1	1	1	0	1	0	0
2627.442299999995	0.5386888384819031	0.757236123085022	6.913155075159278	3.216385907999869	1	1	0	1	1	1	0	1	0	0
2662.3693000000058	0.5386888384819031	0.757236123085022	6.913155075159278	3.216385907999869	1	1	0	1	1	1	0	1	0	0
2696.4539000000077	0.5386888384819031	0.757236123085022	6.913155075159278	3.216385907999869	1	1	0	1	1	1	0	1	0	0
2731.343200000003	0.5386888384819031	0.757236123085022	6.913155075159278	3.216385907999869	1	1	0	1	1	1	0	1	0	0
2765.381600000008	0.5386888384819031	0.757236123085022	6.913155075159278	3.216385907999869	1	1	0	1	1	1	0	1	0	0
2800.638399999996	0.5386888384819031	0.757236123085022	6.913155075159278	3.216385907999869	1	1	0	1	1	1	0	1	0	0
2834.9804000000004	0.9428433179855347	0.8284626007080078	22.46961115013054	10.45411825364723	1	1	0	1	1	1	0	1	0	0
2868.479600000006	0.9428433179855347	0.8284626007080078	22.46961115013054	10.45411825364723	1	1	0	1	1	1	0	1	0	0
2904.085600000006	0.9428433179855347	0.8284626007080078	22.46961115013054	10.45411825364723	1	1	0	1	1	1	0	1	0	0
2937.8919000000024	0.9428433179855347	0.8284626007080078	22.46961115013054	10.45411825364723	1	1	0	1	1	1	0	1	0	0
2972.114499999996	0.9428433179855347	0.8284626007080078	22.46961115013054	10.45411825364723	1	1	0	1	1	1	0	1	0	0
3005.8965000000026	0.9428433179855347	0.8284626007080078	22.46961115013054	10.45411825364723	1	1	0	1	1	1	0	1	0	0
3041.214300000007	0.9428433179855347	0.8284626007080078	22.46961115013054	10.45411825364723	1	1	0	1	1	1	0	1	0	0
3074.876799999998	0.9428433179855347	0.8284626007080078	22.46961115013054	10.45411825364723	1	1	0	1	1	1	0	1	0	0
3110.344800000006	0.9428433179855347	0.8284626007080078	22.46961115013054	10.45411825364723	1	1	0	1	1	1	0	1	0	0
3144.986499999999	0.9428433179855347	0.8284626007080078	22.46961115013054	10.45411825364723	1	1	0	1	1	1	0	1	0	0
3179.883799999996	0.9428433179855347	0.8284626007080078	22.46961115013054	10.45411825364723	1	1	0	1	1	1	0	1	0	0
3214.0144	0.9428433179855347	0.8284626007080078	22.46961115013054	10.45411825364723	1	1	0	1	1	1	0	1	0	0
3247.898100000006	0.9428433179855347	0.8284626007080078	22.46961115013054	10.45411825364723	1	1	0	1	1	1	0	1	0	0
3281.888699999996	0.9428433179855347	0.8284626007080078	22.46961115013054	10.45411825364723	1	1	0	1	1	1	0	1	0	0
3315.8752999999997	0.9428433179855347	0.8284626007080078	22.46961115013054	10.45411825364723	1	1	0	1	1	1	0	1	0	0
3349.9821999999986	0.9428433179855347	0.8284626007080078	22.46961115013054	10.45411825364723	1	1	0	1	1	1	0	1	0	0
3384.9147999999986	0.9428433179855347	0.8284626007080078	22.46961115013054	10.45411825364723	1	1	0	1	1	1	0	1	0	0
3418.8856000000087	0.9428433179855347	0.8284626007080078	22.46961115013054	10.45411825364723	1	1	0	1	1	1	0	1	0	0
3452.9465000000055	0.9428433179855347	0.8284626007080078	22.46961115013054	10.45411825364723	1	1	0	1	1	1	0	1	0	0
3487.867299999998	0.9428433179855347	0.8284626007080078	22.46961115013054	10.45411825364723	1	1	0	1	1	1	0	1	0	0
3521.8882000000012	0.9428433179855347	0.8284626007080078	22.46961115013054	10.45411825364723	1	1	0	1	1	1	0	1	0	0
3556.245200000005	0.9428433179855347	0.8284626007080078	22.46961115013054	10.45411825364723	1	1	0	1	1	1	0	1	0	0
3590.2505999999994	0.9428433179855347	0.8284626007080078	22.46961115013054	10.45411825364723	1	1	0	1	1	1	0	1	0	0
3624.905700000003	0.9428433179855347	0.8284626007080078	22.46961115013054	10.45411825364723	1	1	0	1	1	1	0	1	0	0
3658.8598000000056	1.0435702800750732	0.8176354169845581	50.67264464308238	23.575744848648597	1	1	0	1	1	1	0	1	0	0
3693.0598000000027	1.0435702800750732	0.8176354169845581	50.67264464308238	23.575744848648597	1	1	0	1	1	1	0	1	0	0
3727.876199999999	1.0435702800750732	0.8176354169845581	50.67264464308238	23.575744848648597	1	1	0	1	1	1	0	1	0	0
3762.248200000002	1.0435702800750732	0.8176354169845581	50.67264464308238	23.575744848648597	1	1	0	1	1	1	0	1	0	0
3797.364499999996	1.0435702800750732	0.8176354169845581	50.67264464308238	23.575744848648597	1	1	0	1	1	1	0	1	0	0
3831.9205000000075	1.0435702800750732	0.8176354169845581	50.67264464308238	23.575744848648597	1	1	0	1	1	1	0	1	0	0
3865.8503999999957	1.0435702800750732	0.8176354169845581	50.67264464308238	23.575744848648597	1	1	0	1	1	1	0	1	0	0
3901.528600000005	1.0435702800750732	0.8176354169845581	50.67264464308238	23.575744848648597	1	1	0	1	1	1	0	1	0	0
3936.8274999999994	1.0435702800750732	0.8176354169845581	50.67264464308238	23.575744848648597	1	1	0	1	1	1	0	1	0	0
3971.600000000006	1.0435702800750732	0.8176354169845581	50.67264464308238	23.575744848648597	1	1	0	1	1	1	0	1	0	0
4006.257700000002	1.0435702800750732	0.8176354169845581	50.67264464308238	23.575744848648597	1	1	0	1	1	1	0	1	0	0
4040.7563999999984	1.0435702800750732	0.8176354169845581	50.67264464308238	23.575744848648597	1	1	0	1	1	1	0	1	0	0
4075.7906000000075	1.0435702800750732	0.8176354169845581	50.67264464308238	23.575744848648597	1	1	0	1	1	1	0	1	0	0
4109.5188999999955	1.0435702800750732	0.8176354169845581	50.67264464308238	23.575744848648597	1	1	0	1	1	1	0	1	0	0
4144.614499999996	1.0435702800750732	0.8176354169845581	50.67264464308238	23.575744848648597	1	1	0	1	1	1	0	1	0	0
4179.597900000008	1.0435702800750732	0.8176354169845581	50.67264464308238	23.575744848648597	1	1	0	1	1	1	0	1	0	0
4213.631500000003	1.0435702800750732	0.8176354169845581	50.67264464308238	23.575744848648597	1	1	0	1	1	1	0	1	0	0
4247.4997	1.0435702800750732	0.8176354169845581	50.67264464308238	23.575744848648597	1	1	0	1	1	1	0	1	0	0
4281.642200000002	1.0435702800750732	0.8176354169845581	50.67264464308238	23.575744848648597	1	1	0	1	1	1	0	1	0	0
4315.587200000009	1.0435702800750732	0.8176354169845581	50.67264464308238	23.575744848648597	1	1	0	1	1	1	0	1	0	0
4349.799800000008	1.0435702800750732	0.8176354169845581	50.67264464308238	23.575744848648597	1	1	0	1	1	1	0	1	0	0
4383.619999999995	1.0435702800750732	0.8176354169845581	50.67264464308238	23.575744848648597	1	1	0	1	1	1	0	1	0	0
4418.698700000008	1.090989112854004	0.8495733737945557	91.76877969104652	42.695962492324995	1	1	0	1	1	1	0	1	0	0
4452.519100000005	1.090989112854004	0.8495733737945557	91.76877969104652	42.695962492324995	1	1	0	1	1	1	0	1	0	0
4487.508799999996	1.090989112854004	0.8495733737945557	91.76877969104652	42.695962492324995	1	1	0	1	1	1	0	1	0	0
4521.5957999999955	1.090989112854004	0.8495733737945557	91.76877969104652	42.695962492324995	1	1	0	1	1	1	0	1	0	0
4555.6408999999985	1.090989112854004	0.8495733737945557	91.76877969104652	42.695962492324995	1	1	0	1	1	1	0	1	0	0
4589.646000000008	1.090989112854004	0.8495733737945557	91.76877969104652	42.695962492324995	1	1	0	1	1	1	0	1	0	0
4623.759999999995	1.090989112854004	0.8495733737945557	91.76877969104652	42.695962492324995	1	1	0	1	1	1	0	1	0	0
4658.648000000001	1.090989112854004	0.8495733737945557	91.76877969104652	42.695962492324995	1	1	0	1	1	1	0	1	0	0
4692.637199999997	1.090989112854004	0.8495733737945557	91.76877969104652	42.695962492324995	1	1	0	1	1	1	0	1	0	0
4728.033800000005	1.090989112854004	0.8495733737945557	91.76877969104652	42.695962492324995	1	1	0	1	1	1	0	1	0	0
4761.538499999995	1.090989112854004	0.8495733737945557	91.76877969104652	42.695962492324995	1	1	0	1	1	1	0	1	0	0
4796.535900000003	1.090989112854004	0.8495733737945557	91.76877969104652	42.695962492324995	1	1	0	1	1	1	0	1	0	0
4831.028699999995	1.090989112854004	0.8495733737945557	91.76877969104652	42.695962492324995	1	1	0	1	1	1	0	1	0	0
4864.547399999996	1.090989112854004	0.8495733737945557	91.76877969104652	42.695962492324995	1	1	0	1	1	1	0	1	0	0
4899.540399999998	1.090989112854004	0.8495733737945557	91.76877969104652	42.695962492324995	1	1	0	1	1	1	0	1	0	0
4933.531600000002	1.090989112854004	0.8495733737945557	91.76877969104652	42.695962492324995	1	1	0	1	1	1	0	1	0	0
4967.713000000003	1.090989112854004	0.8495733737945557	91.76877969104652	42.695962492324995	1	1	0	1	1	1	0	1	0	0
5002.6302	1.090989112854004	0.8495733737945557	91.76877969104652	42.695962492324995	1	1	0	1	1	1	0	1	0	0
5037.530599999998	1.090989112854004	0.8495733737945557	91.76877969104652	42.695962492324995	1	1	0	1	1	1	0	1	0	0
5072.518400000001	1.090989112854004	0.8495733737945557	91.76877969104652	42.695962492324995	1	1	0	1	1	1	0	1	0	0
5106.524000000005	1.090989112854004	0.8495733737945557	91.76877969104652	42.695962492324995	1	1	0	1	1	1	0	1	0	0
5140.6236999999965	1.090989112854004	0.8495733737945557	91.76877969104652	42.695962492324995	1	1	0	1	1	1	0	1	0	0
5175.814800000007	1.090989112854004	0.8495733737945557	91.76877969104652	42.695962492324995	1	1	0	1	1	1	0	1	0	0
5210.517200000002	1.090989112854004	0.8495733737945557	91.76877969104652	42.695962492324995	1	1	0	1	1	1	0	1	0	0
5245.617299999998	1.090989112854004	0.8495733737945557	91.76877969104652	42.695962492324995	1	1	0	1	1	1	0	1	0	0
5280.9709	1.090989112854004	0.8495733737945557	91.76877969104652	42.695962492324995	1	1	0	1	1	1	0	1	0	0
5315.530200000008	1.1275396347045898	0.91443932056427	144.19314867131965	67.08670735349841	1	1	0	1	1	1	0	1	0	0
5349.556100000002	1.1275396347045898	0.91443932056427	144.19314867131965	67.08670735349841	1	1	0	1	1	1	0	1	0	0
5383.525300000008	1.1275396347045898	0.91443932056427	144.19314867131965	67.08670735349841	1	1	0	1	1	1	0	1	0	0
5418.867100000003	1.1275396347045898	0.91443932056427	144.19314867131965	67.08670735349841	1	1	0	1	1	1	0	1	0	0
5452.896900000007	1.1275396347045898	0.91443932056427	144.19314867131965	67.08670735349841	1	1	0	1	1	1	0	1	0	0
5487.699800000002	1.1275396347045898	0.91443932056427	144.19314867131965	67.08670735349841	1	1	0	1	1	1	0	1	0	0
5521.669399999999	1.1275396347045898	0.91443932056427	144.19314867131965	67.08670735349841	1	1	0	1	1	1	0	1	0	0
5555.520300000004	1.1275396347045898	0.91443932056427	144.19314867131965	67.08670735349841	1	1	0	1	1	1	0	1	0	0
5589.5580000000045	1.1275396347045898	0.91443932056427	144.19314867131965	67.08670735349841	1	1	0	1	1	1	0	1	0	0
5624.5244999999995	1.1275396347045898	0.91443932056427	144.19314867131965	67.08670735349841	1	1	0	1	1	1	0	1	0	0
5659.664799999999	1.1275396347045898	0.91443932056427	144.19314867131965	67.08670735349841	1	1	0	1	1	1	0	1	0	0
5693.672500000001	1.1275396347045898	0.91443932056427	144.19314867131965	67.08670735349841	1	1	0	1	1	1	0	1	0	0
5728.832600000009	1.1275396347045898	0.91443932056427	144.19314867131965	67.08670735349841	1	1	0	1	1	1	0	1	0	0
5763.533599999995	1.1275396347045898	0.91443932056427	144.19314867131965	67.08670735349841	1	1	0	1	1	1	0	1	0	0
5798.773100000006	1.1275396347045898	0.91443932056427	144.19314867131965	67.08670735349841	1	1	0	1	1	1	0	1	0	0
5833.305900000007	1.1275396347045898	0.91443932056427	144.19314867131965	67.08670735349841	1	1	0	1	1	1	0	1	0	0
5866.626700000008	1.1275396347045898	0.91443932056427	144.19314867131965	67.08670735349841	1	1	0	1	1	1	0	1	0	0
5901.618000000002	1.1275396347045898	0.91443932056427	144.19314867131965	67.08670735349841	1	1	0	1	1	1	0	1	0	0
5936.714699999997	1.1275396347045898	0.91443932056427	144.19314867131965	67.08670735349841	1	1	0	1	1	1	0	1	0	0
5970.6204	1.1275396347045898	0.91443932056427	144.19314867131965	67.08670735349841	1	1	0	1	1	1	0	1	0	0
6004.633199999997	1.1275396347045898	0.91443932056427	144.19314867131965	67.08670735349841	1	1	0	1	1	1	0	1	0	0
6039.060700000002	1.1275396347045898	0.91443932056427	144.19314867131965	67.08670735349841	1	1	0	1	1	1	0	1	0	0
6072.6296	1.1275396347045898	0.91443932056427	144.19314867131965	67.08670735349841	1	1	0	1	1	1	0	1	0	0
6106.617299999998	1.1275396347045898	0.91443932056427	144.19314867131965	67.08670735349841	1	1	0	1	1	1	0	1	0	0
6141.717900000003	1.1275396347045898	0.91443932056427	144.19314867131965	67.08670735349841	1	1	0	1	1	1	0	1	0	0
6176.722600000008	1.1275396347045898	0.91443932056427	144.19314867131965	67.08670735349841	1	1	0	1	1	1	0	1	0	0
6210.677800000005	1.1275396347045898	0.91443932056427	205.29007129513485	95.5124086162276	1	1	0	1	1	1	0	1	0	0
6244.782900000006	1.1275396347045898	0.91443932056427	205.29007129513485	95.5124086162276	1	1	0	1	1	1	0	1	0	0
6279.6310000000085	1.1275396347045898	0.91443932056427	205.29007129513485	95.5124086162276	1	1	0	1	1	1	0	1	0	0
6313.609599999996	1.1275396347045898	0.91443932056427	205.29007129513485	95.5124086162276	1	1	0	1	1	1	0	1	0	0
6348.622600000002	1.1275396347045898	0.91443932056427	205.29007129513485	95.5124086162276	1	1	0	1	1	1	0	1	0	0
6383.6152	1.1275396347045898	0.91443932056427	205.29007129513485	95.5124086162276	1	1	0	1	1	1	0	1	0	0
6418.623000000007	1.1275396347045898	0.91443932056427	205.29007129513485	95.5124086162276	1	1	0	1	1	1	0	1	0	0
6452.716100000005	1.1275396347045898	0.91443932056427	205.29007129513485	95.5124086162276	1	1	0	1	1	1	0	1	0	0
6486.629199999996	1.1275396347045898	0.91443932056427	205.29007129513485	95.5124086162276	1	1	0	1	1	1	0	1	0	0
6521.720499999996	1.1275396347045898	0.91443932056427	205.29007129513485	95.5124086162276	1	1	0	1	1	1	0	1	0	0
6556.618600000002	1.1275396347045898	0.91443932056427	205.29007129513485	95.5124086162276	1	1	0	1	1	1	0	1	0	0
6590.741300000009	1.1275396347045898	0.91443932056427	205.29007129513485	95.5124086162276	1	1	0	1	1	1	0	1	0	0
6624.775000000009	1.1275396347045898	0.91443932056427	205.29007129513485	95.5124086162276	1	1	0	1	1	1	0	1	0	0
6658.625100000005	1.1275396347045898	0.91443932056427	205.29007129513485	95.5124086162276	1	1	0	1	1	1	0	1	0	0
6692.709600000002	1.1275396347045898	0.91443932056427	205.29007129513485	95.5124086162276	1	1	0	1	1	1	0	1	0	0
6727.967100000009	1.1275396347045898	0.91443932056427	205.29007129513485	95.5124086162276	1	1	0	1	1	1	0	1	0	0
6761.693700000003	1.1275396347045898	0.91443932056427	205.29007129513485	95.5124086162276	1	1	0	1	1	1	0	1	0	0
6796.624100000001	1.1275396347045898	0.91443932056427	205.29007129513485	95.5124086162276	1	1	0	1	1	1	0	1	0	0
6830.6264999999985	1.1275396347045898	0.91443932056427	205.29007129513485	95.5124086162276	1	1	0	1	1	1	0	1	0	0
6864.8331000000035	1.1275396347045898	0.91443932056427	205.29007129513485	95.5124086162276	1	1	0	1	1	1	0	1	0	0
6899.628500000006	1.1275396347045898	0.91443932056427	205.29007129513485	95.5124086162276	1	1	0	1	1	1	0	1	0	0
6934.607700000008	1.1275396347045898	0.91443932056427	205.29007129513485	95.5124086162276	1	1	0	1	1	1	0	1	0	0
6969.894199999995	1.1275396347045898	0.91443932056427	205.29007129513485	95.5124086162276	1	1	0	1	1	1	0	1	0	0
7004.614600000001	1.1275396347045898	0.91443932056427	205.29007129513485	95.5124086162276	1	1	0	1	1	1	0	1	0	0
7039.862800000003	1.1275396347045898	0.91443932056427	205.29007129513485	95.5124086162276	1	1	0	1	1	1	0	1	0	0
7074.612900000007	1.1275396347045898	0.91443932056427	205.29007129513485	95.5124086162276	1	1	0	1	1	1	0	1	0	0
7108.671900000001	1.1275396347045898	0.91443932056427	205.29007129513485	95.5124086162276	1	1	0	1	1	1	0	1	0	0
7142.618000000002	1.1275396347045898	0.91443932056427	271.8830629516277	126.49518820193822	1	1	0	1	1	1	0	1	0	0
7176.615300000005	1.1275396347045898	0.91443932056427	271.8830629516277	126.49518820193822	1	1	0	1	1	1	0	1	0	0
7211.734200000006	1.1275396347045898	0.91443932056427	271.8830629516277	126.49518820193822	1	1	0	1	1	1	0	1	0	0
7247.103499999997	1.1275396347045898	0.91443932056427	271.8830629516277	126.49518820193822	1	1	0	1	1	1	0	1	0	0
7281.708599999998	1.1275396347045898	0.91443932056427	271.8830629516277	126.49518820193822	1	1	0	1	1	1	0	1	0	0
7316.887199999997	1.1275396347045898	0.91443932056427	271.8830629516277	126.49518820193822	1	1	0	1	1	1	0	1	0	0
7352.0437999999995	1.1275396347045898	0.91443932056427	271.8830629516277	126.49518820193822	1	1	0	1	1	1	0	1	0	0
7387.043900000004	1.1275396347045898	0.91443932056427	271.8830629516277	126.49518820193822	1	1	0	1	1	1	0	1	0	0
7420.623000000007	1.1275396347045898	0.91443932056427	271.8830629516277	126.49518820193822	1	1	0	1	1	1	0	1	0	0
7455.704800000007	1.1275396347045898	0.91443932056427	271.8830629516277	126.49518820193822	1	1	0	1	1	1	0	1	0	0
7489.6224000000075	1.1275396347045898	0.91443932056427	271.8830629516277	126.49518820193822	1	1	0	1	1	1	0	1	0	0
7523.6201	1.1275396347045898	0.91443932056427	271.8830629516277	126.49518820193822	1	1	0	1	1	1	0	1	0	0
7558.643599999996	1.1275396347045898	0.91443932056427	271.8830629516277	126.49518820193822	1	1	0	1	1	1	0	1	0	0
7593.746800000008	1.1275396347045898	0.91443932056427	271.8830629516277	126.49518820193822	1	1	0	1	1	1	0	1	0	0
7627.618700000006	1.1275396347045898	0.91443932056427	271.8830629516277	126.49518820193822	1	1	0	1	1	1	0	1	0	0
7661.623200000002	1.1275396347045898	0.91443932056427	271.8830629516277	126.49518820193822	1	1	0	1	1	1	0	1	0	0
7696.616800000003	1.1275396347045898	0.91443932056427	271.8830629516277	126.49518820193822	1	1	0	1	1	1	0	1	0	0
7730.871500000008	1.1275396347045898	0.91443932056427	271.8830629516277	126.49518820193822	1	1	0	1	1	1	0	1	0	0
7764.629000000001	1.1275396347045898	0.91443932056427	271.8830629516277	126.49518820193822	1	1	0	1	1	1	0	1	0	0
7800.2764000000025	1.1275396347045898	0.91443932056427	271.8830629516277	126.49518820193822	1	1	0	1	1	1	0	1	0	0
7833.710500000001	1.1275396347045898	0.91443932056427	271.8830629516277	126.49518820193822	1	1	0	1	1	1	0	1	0	0
7867.125899999999	1.1275396347045898	0.91443932056427	271.8830629516277	126.49518820193822	1	1	0	1	1	1	0	1	0	0
7901.845000000001	1.1275396347045898	0.91443932056427	271.8830629516277	126.49518820193822	1	1	0	1	1	1	0	1	0	0
7935.9551000000065	1.1275396347045898	0.91443932056427	271.8830629516277	126.49518820193822	1	1	0	1	1	1	0	1	0	0
7969.843000000008	1.1275396347045898	0.91443932056427	271.8830629516277	126.49518820193822	1	1	0	1	1	1	0	1	0	0
8003.8606	1.1275396347045898	0.91443932056427	271.8830629516277	126.49518820193822	1	1	0	1	1	1	0	1	0	0
8037.855200000005	1.1275396347045898	0.91443932056427	340.7074196668043	158.5161234564175	1	1	0	1	1	1	0	1	0	0
8073.238800000006	1.1275396347045898	0.91443932056427	340.7074196668043	158.5161234564175	1	1	0	1	1	1	0	1	0	0
8107.835200000001	1.1275396347045898	0.91443932056427	340.7074196668043	158.5161234564175	1	1	0	1	1	1	0	1	0	0
8142.855599999995	1.1275396347045898	0.91443932056427	340.7074196668043	158.5161234564175	1	1	0	1	1	1	0	1	0	0
8177.0003	1.1275396347045898	0.91443932056427	340.7074196668043	158.5161234564175	1	1	0	1	1	1	0	1	0	0
8210.847600000008	1.1275396347045898	0.91443932056427	340.7074196668043	158.5161234564175	1	1	0	1	1	1	0	1	0	0
8245.848500000007	1.1275396347045898	0.91443932056427	340.7074196668043	158.5161234564175	1	1	0	1	1	1	0	1	0	0
8279.965800000005	1.1275396347045898	0.91443932056427	340.7074196668043	158.5161234564175	1	1	0	1	1	1	0	1	0	0
8313.847300000009	1.1275396347045898	0.91443932056427	340.7074196668043	158.5161234564175	1	1	0	1	1	1	0	1	0	0
8348.849499999997	1.1275396347045898	0.91443932056427	340.7074196668043	158.5161234564175	1	1	0	1	1	1	0	1	0	0
8382.950599999996	1.1275396347045898	0.91443932056427	340.7074196668043	158.5161234564175	1	1	0	1	1	1	0	1	0	0
8416.875199999995	1.1275396347045898	0.91443932056427	340.7074196668043	158.5161234564175	1	1	0	1	1	1	0	1	0	0
8451.849400000006	1.1275396347045898	0.91443932056427	340.7074196668043	158.5161234564175	1	1	0	1	1	1	0	1	0	0
8486.859599999996	1.1275396347045898	0.91443932056427	340.7074196668043	158.5161234564175	1	1	0	1	1	1	0	1	0	0
8520.853000000003	1.1275396347045898	0.91443932056427	340.7074196668043	158.5161234564175	1	1	0	1	1	1	0	1	0	0
8556.041700000002	1.1275396347045898	0.91443932056427	340.7074196668043	158.5161234564175	1	1	0	1	1	1	0	1	0	0
8591.3502	1.1275396347045898	0.91443932056427	340.7074196668043	158.5161234564175	1	1	0	1	1	1	0	1	0	0
8625.035199999998	1.1275396347045898	0.91443932056427	340.7074196668043	158.5161234564175	1	1	0	1	1	1	0	1	0	0
8660.356700000004	1.1275396347045898	0.91443932056427	340.7074196668043	158.5161234564175	1	1	0	1	1	1	0	1	0	0
8694.069300000003	1.1275396347045898	0.91443932056427	340.7074196668043	158.5161234564175	1	1	0	1	1	1	0	1	0	0
8728.145000000004	1.1275396347045898	0.91443932056427	340.7074196668043	158.5161234564175	1	1	0	1	1	1	0	1	0	0
8763.197199999995	1.1275396347045898	0.91443932056427	340.7074196668043	158.5161234564175	1	1	0	1	1	1	0	1	0	0
8798.117200000008	1.1275396347045898	0.91443932056427	340.7074196668043	158.5161234564175	1	1	0	1	1	1	0	1	0	0
8833.033299999996	1.1275396347045898	0.91443932056427	340.7074196668043	158.5161234564175	1	1	0	1	1	1	0	1	0	0
8868.128500000006	1.1275396347045898	0.91443932056427	340.7074196668043	158.5161234564175	1	1	0	1	1	1	0	1	0	0
8903.023400000005	1.1275396347045898	0.91443932056427	340.7074196668043	158.5161234564175	1	1	0	1	1	1	0	1	0	0
8937.040600000008	1.1275396347045898	0.91443932056427	408.72067480955565	190.15968895148262	1	1	0	1	1	1	0	1	0	0
8972.386100000003	1.1275396347045898	0.91443932056427	408.72067480955565	190.15968895148262	1	1	0	1	1	1	0	1	0	0
9007.051800000001	1.1275396347045898	0.91443932056427	408.72067480955565	190.15968895148262	1	1	0	1	1	1	0	1	0	0
9042.051699999996	1.1275396347045898	0.91443932056427	408.72067480955565	190.15968895148262	1	1	0	1	1	1	0	1	0	0
9077.113800000006	1.1275396347045898	0.91443932056427	408.72067480955565	190.15968895148262	1	1	0	1	1	1	0	1	0	0
9111.060599999997	1.1275396347045898	0.91443932056427	408.72067480955565	190.15968895148262	1	1	0	1	1	1	0	1	0	0
9145.046199999997	1.1275396347045898	0.91443932056427	408.72067480955565	190.15968895148262	1	1	0	1	1	1	0	1	0	0
9179.409700000004	1.1275396347045898	0.91443932056427	408.72067480955565	190.15968895148262	1	1	0	1	1	1	0	1	0	0
9213.152700000006	1.1275396347045898	0.91443932056427	408.72067480955565	190.15968895148262	1	1	0	1	1	1	0	1	0	0
9247.041599999997	1.1275396347045898	0.91443932056427	408.72067480955565	190.15968895148262	1	1	0	1	1	1	0	1	0	0
9281.493400000007	1.1275396347045898	0.91443932056427	408.72067480955565	190.15968895148262	1	1	0	1	1	1	0	1	0	0
9316.5631	1.1275396347045898	0.91443932056427	408.72067480955565	190.15968895148262	1	1	0	1	1	1	0	1	0	0
9350.480500000005	1.1275396347045898	0.91443932056427	408.72067480955565	190.15968895148262	1	1	0	1	1	1	0	1	0	0
9385.361400000009	1.1275396347045898	0.91443932056427	408.72067480955565	190.15968895148262	1	1	0	1	1	1	0	1	0	0
9419.0622	1.1275396347045898	0.91443932056427	408.72067480955565	190.15968895148262	1	1	0	1	1	1	0	1	0	0
9454.311100000006	1.1275396347045898	0.91443932056427	408.72067480955565	190.15968895148262	1	1	0	1	1	1	0	1	0	0
9489.029500000004	1.1275396347045898	0.91443932056427	408.72067480955565	190.15968895148262	1	1	0	1	1	1	0	1	0	0
9523.043600000005	1.1275396347045898	0.91443932056427	408.72067480955565	190.15968895148262	1	1	0	1	1	1	0	1	0	0
9557.125100000005	1.1275396347045898	0.91443932056427	408.72067480955565	190.15968895148262	1	1	0	1	1	1	0	1	0	0
9591.045800000007	1.1275396347045898	0.91443932056427	408.72067480955565	190.15968895148262	1	1	0	1	1	1	0	1	0	0
9626.265400000004	1.1275396347045898	0.91443932056427	408.72067480955565	190.15968895148262	1	1	0	1	1	1	0	1	0	0
9660.035700000008	1.1275396347045898	0.91443932056427	408.72067480955565	190.15968895148262	1	1	0	1	1	1	0	1	0	0
9694.037299999996	1.1275396347045898	0.91443932056427	408.72067480955565	190.15968895148262	1	1	0	1	1	1	0	1	0	0
9728.218000000008	1.1275396347045898	0.91443932056427	408.72067480955565	190.15968895148262	1	1	0	1	1	1	0	1	0	0
9762.020199999999	1.1275396347045898	0.91443932056427	473.3076292576238	220.2091479711197	1	1	0	1	1	1	0	1	0	0
9797.328600000008	1.1275396347045898	0.91443932056427	473.3076292576238	220.2091479711197	1	1	0	1	1	1	0	1	0	0
9832.218600000007	1.1275396347045898	0.91443932056427	473.3076292576238	220.2091479711197	1	1	0	1	1	1	0	1	0	0
9866.621299999999	1.1275396347045898	0.91443932056427	473.3076292576238	220.2091479711197	1	1	0	1	1	1	0	1	0	0
9901.078800000003	1.1275396347045898	0.91443932056427	473.3076292576238	220.2091479711197	1	1	0	1	1	1	0	1	0	0
9934.905400000003	1.1275396347045898	0.91443932056427	473.3076292576238	220.2091479711197	1	1	0	1	1	1	0	1	0	0
9969.433300000004	1.1275396347045898	0.91443932056427	473.3076292576238	220.2091479711197	1	1	0	1	1	1	0	1	0	0
10002.958200000008	1.1275396347045898	0.91443932056427	473.3076292576238	220.2091479711197	1	1	0	1	1	1	0	1	0	0
10037.314100000003	1.1275396347045898	0.91443932056427	473.3076292576238	220.2091479711197	1	1	0	1	1	1	0	1	0	0
10070.952600000004	1.1275396347045898	0.91443932056427	473.3076292576238	220.2091479711197	1	1	0	1	1	1	0	1	0	0
10104.948000000004	1.1275396347045898	0.91443932056427	473.3076292576238	220.2091479711197	1	1	0	1	1	1	0	1	0	0
10139.908200000005	1.1275396347045898	0.91443932056427	473.3076292576238	220.2091479711197	1	1	0	1	1	1	0	1	0	0
10173.9663	1.1275396347045898	0.91443932056427	473.3076292576238	220.2091479711197	1	1	0	1	1	1	0	1	0	0
10208.017500000002	1.1275396347045898	0.91443932056427	473.3076292576238	220.2091479711197	1	1	0	1	1	1	0	1	0	0
10241.972900000008	1.1275396347045898	0.91443932056427	473.3076292576238	220.2091479711197	1	1	0	1	1	1	0	1	0	0
10276.964200000002	1.1275396347045898	0.91443932056427	473.3076292576238	220.2091479711197	1	1	0	1	1	1	0	1	0	0
10311.905500000008	1.1275396347045898	0.91443932056427	473.3076292576238	220.2091479711197	1	1	0	1	1	1	0	1	0	0
10345.974700000006	1.1275396347045898	0.91443932056427	473.3076292576238	220.2091479711197	1	1	0	1	1	1	0	1	0	0
10380.906199999998	1.1275396347045898	0.91443932056427	473.3076292576238	220.2091479711197	1	1	0	1	1	1	0	1	0	0
10414.905899999998	1.1275396347045898	0.91443932056427	473.3076292576238	220.2091479711197	1	1	0	1	1	1	0	1	0	0
10448.996700000003	1.1275396347045898	0.91443932056427	473.3076292576238	220.2091479711197	1	1	0	1	1	1	0	1	0	0
10482.923299999995	1.1275396347045898	0.91443932056427	473.3076292576238	220.2091479711197	1	1	0	1	1	1	0	1	0	0
10517.936499999996	1.1275396347045898	0.91443932056427	473.3076292576238	220.2091479711197	1	1	0	1	1	1	0	1	0	0
10552.965100000001	1.1275396347045898	0.91443932056427	473.3076292576238	220.2091479711197	1	1	0	1	1	1	0	1	0	0
10586.9078	1.1275396347045898	0.91443932056427	532.3972754221193	247.70095209903474	1	1	0	1	1	1	0	1	0	0
10620.992800000007	1.1275396347045898	0.91443932056427	532.3972754221193	247.70095209903474	1	1	0	1	1	1	0	1	0	0
10654.986300000004	1.1275396347045898	0.91443932056427	532.3972754221193	247.70095209903474	1	1	0	1	1	1	0	1	0	0
10689.923900000009	1.1275396347045898	0.91443932056427	532.3972754221193	247.70095209903474	1	1	0	1	1	1	0	1	0	0
10724.012499999997	1.1275396347045898	0.91443932056427	532.3972754221193	247.70095209903474	1	1	0	1	1	1	0	1	0	0
10759.077300000004	1.1275396347045898	0.91443932056427	532.3972754221193	247.70095209903474	1	1	0	1	1	1	0	1	0	0
10794.1688	1.1275396347045898	0.91443932056427	532.3972754221193	247.70095209903474	1	1	0	1	1	1	0	1	0	0
10828.035000000003	1.1275396347045898	0.91443932056427	532.3972754221193	247.70095209903474	1	1	0	1	1	1	0	1	0	0
10862.343800000002	1.1275396347045898	0.91443932056427	532.3972754221193	247.70095209903474	1	1	0	1	1	1	0	1	0	0
10897.064400000003	1.1275396347045898	0.91443932056427	532.3972754221193	247.70095209903474	1	1	0	1	1	1	0	1	0	0
10931.9038	1.1275396347045898	0.91443932056427	532.3972754221193	247.70095209903474	1	1	0	1	1	1	0	1	0	0
10967.0098	1.1275396347045898	0.91443932056427	532.3972754221193	247.70095209903474	1	1	0	1	1	1	0	1	0	0
11001.017500000002	1.1275396347045898	0.91443932056427	532.3972754221193	247.70095209903474	1	1	0	1	1	1	0	1	0	0
11035.908599999995	1.1275396347045898	0.91443932056427	532.3972754221193	247.70095209903474	1	1	0	1	1	1	0	1	0	0
11069.912100000001	1.1275396347045898	0.91443932056427	532.3972754221193	247.70095209903474	1	1	0	1	1	1	0	1	0	0
11103.9222	1.1275396347045898	0.91443932056427	532.3972754221193	247.70095209903474	1	1	0	1	1	1	0	1	0	0
11138.981100000005	1.1275396347045898	0.91443932056427	532.3972754221193	247.70095209903474	1	1	0	1	1	1	0	1	0	0
11172.908200000005	1.1275396347045898	0.91443932056427	532.3972754221193	247.70095209903474	1	1	0	1	1	1	0	1	0	0
11209.268100000001	1.1275396347045898	0.91443932056427	532.3972754221193	247.70095209903474	1	1	0	1	1	1	0	1	0	0
11242.896399999998	1.1275396347045898	0.91443932056427	532.3972754221193	247.70095209903474	1	1	0	1	1	1	0	1	0	0
11276.997700000007	1.1275396347045898	0.91443932056427	532.3972754221193	247.70095209903474	1	1	0	1	1	1	0	1	0	0
11311.220799999996	1.1275396347045898	0.91443932056427	532.3972754221193	247.70095209903474	1	1	0	1	1	1	0	1	0	0
11345.910000000003	1.1275396347045898	0.91443932056427	532.3972754221193	247.70095209903474	1	1	0	1	1	1	0	1	0	0
11381.337100000004	1.1275396347045898	0.91443932056427	532.3972754221193	247.70095209903474	1	1	0	1	1	1	0	1	0	0
11416.036900000006	1.1275396347045898	0.91443932056427	532.3972754221193	247.70095209903474	1	1	0	1	1	1	0	1	0	0
11450.986700000009	1.1275396347045898	0.91443932056427	532.3972754221193	247.70095209903474	1	1	0	1	1	1	0	1	0	0
11485.311100000006	1.1275396347045898	0.91443932056427	584.5088035935346	271.94614594072146	1	1	0	1	1	1	0	1	0	0
11518.907399999996	1.1275396347045898	0.91443932056427	584.5088035935346	271.94614594072146	1	1	0	1	1	1	0	1	0	0
11554.074600000007	1.1275396347045898	0.91443932056427	584.5088035935346	271.94614594072146	1	1	0	1	1	1	0	1	0	0
11587.904999999999	1.1275396347045898	0.91443932056427	584.5088035935346	271.94614594072146	1	1	0	1	1	1	0	1	0	0
11621.940000000002	1.1275396347045898	0.91443932056427	584.5088035935346	271.94614594072146	1	1	0	1	1	1	0	1	0	0
11655.904500000004	1.1275396347045898	0.91443932056427	584.5088035935346	271.94614594072146	1	1	0	1	1	1	0	1	0	0
11691.316999999995	1.1275396347045898	0.91443932056427	584.5088035935346	271.94614594072146	1	1	0	1	1	1	0	1	0	0
11726.011299999998	1.1275396347045898	0.91443932056427	584.5088035935346	271.94614594072146	1	1	0	1	1	1	0	1	0	0
11761.169699999999	1.1275396347045898	0.91443932056427	584.5088035935346	271.94614594072146	1	1	0	1	1	1	0	1	0	0
11795.967000000004	1.1275396347045898	0.91443932056427	584.5088035935346	271.94614594072146	1	1	0	1	1	1	0	1	0	0
11829.926000000007	1.1275396347045898	0.91443932056427	584.5088035935346	271.94614594072146	1	1	0	1	1	1	0	1	0	0
11864.907000000007	1.1275396347045898	0.91443932056427	584.5088035935346	271.94614594072146	1	1	0	1	1	1	0	1	0	0
11899.915900000007	1.1275396347045898	0.91443932056427	584.5088035935346	271.94614594072146	1	1	0	1	1	1	0	1	0	0
11933.376000000004	1.1275396347045898	0.91443932056427	584.5088035935346	271.94614594072146	1	1	0	1	1	1	0	1	0	0
11967.554499999998	1.1275396347045898	0.91443932056427	584.5088035935346	271.94614594072146	1	1	0	1	1	1	0	1	0	0
12001.552500000005	1.1275396347045898	0.91443932056427	584.5088035935346	271.94614594072146	1	1	0	1	1	1	0	1	0	0
12035.644100000005	1.1275396347045898	0.91443932056427	584.5088035935346	271.94614594072146	1	1	0	1	1	1	0	1	0	0
12070.840899999996	1.1275396347045898	0.91443932056427	584.5088035935346	271.94614594072146	1	1	0	1	1	1	0	1	0	0
12105.622799999997	1.1275396347045898	0.91443932056427	584.5088035935346	271.94614594072146	1	1	0	1	1	1	0	1	0	0
12139.802800000005	1.1275396347045898	0.91443932056427	584.5088035935346	271.94614594072146	1	1	0	1	1	1	0	1	0	0
12174.555800000002	1.1275396347045898	0.91443932056427	584.5088035935346	271.94614594072146	1	1	0	1	1	1	0	1	0	0
12209.546600000001	1.1275396347045898	0.91443932056427	584.5088035935346	271.94614594072146	1	1	0	1	1	1	0	1	0	0
12243.560599999997	1.1275396347045898	0.91443932056427	584.5088035935346	271.94614594072146	1	1	0	1	1	1	0	1	0	0
12278.766199999998	1.1275396347045898	0.91443932056427	584.5088035935346	271.94614594072146	1	1	0	1	1	1	0	1	0	0
12313.7595	1.1275396347045898	0.91443932056427	628.7430904683495	292.52640711058956	1	1	0	1	1	1	0	1	0	0
12348.553100000005	1.1275396347045898	0.91443932056427	628.7430904683495	292.52640711058956	1	1	0	1	1	1	0	1	0	0
12383.885900000008	1.1275396347045898	0.91443932056427	628.7430904683495	292.52640711058956	1	1	0	1	1	1	0	1	0	0
12417.777799999996	1.1275396347045898	0.91443932056427	628.7430904683495	292.52640711058956	1	1	0	1	1	1	0	1	0	0
12451.843500000003	1.1275396347045898	0.91443932056427	628.7430904683495	292.52640711058956	1	1	0	1	1	1	0	1	0	0
12486.553499999995	1.1275396347045898	0.91443932056427	628.7430904683495	292.52640711058956	1	1	0	1	1	1	0	1	0	0
12521.557400000005	1.1275396347045898	0.91443932056427	628.7430904683495	292.52640711058956	1	1	0	1	1	1	0	1	0	0
12555.549700000003	1.1275396347045898	0.91443932056427	628.7430904683495	292.52640711058956	1	1	0	1	1	1	0	1	0	0
12590.681299999997	1.1275396347045898	0.91443932056427	628.7430904683495	292.52640711058956	1	1	0	1	1	1	0	1	0	0
12624.761800000007	1.1275396347045898	0.91443932056427	628.7430904683495	292.52640711058956	1	1	0	1	1	1	0	1	0	0
12659.550799999997	1.1275396347045898	0.91443932056427	628.7430904683495	292.52640711058956	1	1	0	1	1	1	0	1	0	0
12693.5441	1.1275396347045898	0.91443932056427	628.7430904683495	292.52640711058956	1	1	0	1	1	1	0	1	0	0
12728.566999999995	1.1275396347045898	0.91443932056427	628.7430904683495	292.52640711058956	1	1	0	1	1	1	0	1	0	0
12762.676699999996	1.1275396347045898	0.91443932056427	628.7430904683495	292.52640711058956	1	1	0	1	1	1	0	1	0	0
12797.553499999995	1.1275396347045898	0.91443932056427	628.7430904683495	292.52640711058956	1	1	0	1	1	1	0	1	0	0
12832.550799999997	1.1275396347045898	0.91443932056427	628.7430904683495	292.52640711058956	1	1	0	1	1	1	0	1	0	0
12866.650999999998	1.1275396347045898	0.91443932056427	628.7430904683495	292.52640711058956	1	1	0	1	1	1	0	1	0	0
12901.157900000006	1.1275396347045898	0.91443932056427	628.7430904683495	292.52640711058956	1	1	0	1	1	1	0	1	0	0
12935.628899999996	1.1275396347045898	0.91443932056427	628.7430904683495	292.52640711058956	1	1	0	1	1	1	0	1	0	0
12970.637100000007	1.1275396347045898	0.91443932056427	628.7430904683495	292.52640711058956	1	1	0	1	1	1	0	1	0	0
13004.654200000004	1.1275396347045898	0.91443932056427	628.7430904683495	292.52640711058956	1	1	0	1	1	1	0	1	0	0
13038.551800000001	1.1275396347045898	0.91443932056427	628.7430904683495	292.52640711058956	1	1	0	1	1	1	0	1	0	0
13073.5432	1.1275396347045898	0.91443932056427	628.7430904683495	292.52640711058956	1	1	0	1	1	1	0	1	0	0
13107.549700000003	1.1275396347045898	0.91443932056427	628.7430904683495	292.52640711058956	1	1	0	1	1	1	0	1	0	0
13142.568599999999	1.1275396347045898	0.91443932056427	664.7347521346223	309.2717386025539	1	1	0	1	1	1	0	1	0	0
13177.901800000007	1.1275396347045898	0.91443932056427	664.7347521346223	309.2717386025539	1	1	0	1	1	1	0	1	0	0
13211.659100000004	1.1275396347045898	0.91443932056427	664.7347521346223	309.2717386025539	1	1	0	1	1	1	0	1	0	0
13246.742599999998	1.1275396347045898	0.91443932056427	664.7347521346223	309.2717386025539	1	1	0	1	1	1	0	1	0	0
13281.554100000008	1.1275396347045898	0.91443932056427	664.7347521346223	309.2717386025539	1	1	0	1	1	1	0	1	0	0
13317.5625	1.1275396347045898	0.91443932056427	664.7347521346223	309.2717386025539	1	1	0	1	1	1	0	1	0	0
13351.549700000003	1.1275396347045898	0.91443932056427	664.7347521346223	309.2717386025539	1	1	0	1	1	1	0	1	0	0
13385.613599999997	1.1275396347045898	0.91443932056427	664.7347521346223	309.2717386025539	1	1	0	1	1	1	0	1	0	0
13420.5533	1.1275396347045898	0.91443932056427	664.7347521346223	309.2717386025539	1	1	0	1	1	1	0	1	0	0
13455.646099999998	1.1275396347045898	0.91443932056427	664.7347521346223	309.2717386025539	1	1	0	1	1	1	0	1	0	0
13490.7117	1.1275396347045898	0.91443932056427	664.7347521346223	309.2717386025539	1	1	0	1	1	1	0	1	0	0
13524.631300000008	1.1275396347045898	0.91443932056427	664.7347521346223	309.2717386025539	1	1	0	1	1	1	0	1	0	0
13558.577600000004	1.1275396347045898	0.91443932056427	664.7347521346223	309.2717386025539	1	1	0	1	1	1	0	1	0	0
13592.4608	1.1275396347045898	0.91443932056427	664.7347521346223	309.2717386025539	1	1	0	1	1	1	0	1	0	0
13626.539499999999	1.1275396347045898	0.91443932056427	664.7347521346223	309.2717386025539	1	1	0	1	1	1	0	1	0	0
13660.483300000007	1.1275396347045898	0.91443932056427	664.7347521346223	309.2717386025539	1	1	0	1	1	1	0	1	0	0
13694.580000000002	1.1275396347045898	0.91443932056427	664.7347521346223	309.2717386025539	1	1	0	1	1	1	0	1	0	0
13728.478300000002	1.1275396347045898	0.91443932056427	664.7347521346223	309.2717386025539	1	1	0	1	1	1	0	1	0	0
13763.572499999995	1.1275396347045898	0.91443932056427	664.7347521346223	309.2717386025539	1	1	0	1	1	1	0	1	0	0
13797.685599999997	1.1275396347045898	0.91443932056427	664.7347521346223	309.2717386025539	1	1	0	1	1	1	0	1	0	0
13832.578800000003	1.1275396347045898	0.91443932056427	664.7347521346223	309.2717386025539	1	1	0	1	1	1	0	1	0	0
13867.717300000004	1.1275396347045898	0.91443932056427	664.7347521346223	309.2717386025539	1	1	0	1	1	1	0	1	0	0
13901.759099999996	1.1275396347045898	0.91443932056427	664.7347521346223	309.2717386025539	1	1	0	1	1	1	0	1	0	0
13935.679600000003	1.1275396347045898	0.91443932056427	664.7347521346223	309.2717386025539	1	1	0	1	1	1	0	1	0	0
13970.573499999999	1.1275396347045898	0.91443932056427	692.5781400707779	322.22603799482675	1	1	0	1	1	1	0	1	0	0
14004.485700000005	1.1275396347045898	0.91443932056427	692.5781400707779	322.22603799482675	1	1	0	1	1	1	0	1	0	0
14038.721399999995	1.1275396347045898	0.91443932056427	692.5781400707779	322.22603799482675	1	1	0	1	1	1	0	1	0	0
14072.570999999996	1.1275396347045898	0.91443932056427	692.5781400707779	322.22603799482675	1	1	0	1	1	1	0	1	0	0
14107.734500000006	1.1275396347045898	0.91443932056427	692.5781400707779	322.22603799482675	1	1	0	1	1	1	0	1	0	0
14141.544300000009	1.1275396347045898	0.91443932056427	692.5781400707779	322.22603799482675	1	1	0	1	1	1	0	1	0	0
14175.786500000002	1.1275396347045898	0.91443932056427	692.5781400707779	322.22603799482675	1	1	0	1	1	1	0	1	0	0
14210.481800000009	1.1275396347045898	0.91443932056427	692.5781400707779	322.22603799482675	1	1	0	1	1	1	0	1	0	0
14244.6881	1.1275396347045898	0.91443932056427	692.5781400707779	322.22603799482675	1	1	0	1	1	1	0	1	0	0
14279.473599999998	1.1275396347045898	0.91443932056427	692.5781400707779	322.22603799482675	1	1	0	1	1	1	0	1	0	0
14313.485199999996	1.1275396347045898	0.91443932056427	692.5781400707779	322.22603799482675	1	1	0	1	1	1	0	1	0	0
14349.502300000007	1.1275396347045898	0.91443932056427	692.5781400707779	322.22603799482675	1	1	0	1	1	1	0	1	0	0
14383.486600000004	1.1275396347045898	0.91443932056427	692.5781400707779	322.22603799482675	1	1	0	1	1	1	0	1	0	0
14418.476500000004	1.1275396347045898	0.91443932056427	692.5781400707779	322.22603799482675	1	1	0	1	1	1	0	1	0	0
14452.9657	1.1275396347045898	0.91443932056427	692.5781400707779	322.22603799482675	1	1	0	1	1	1	0	1	0	0
14487.483099999998	1.1275396347045898	0.91443932056427	692.5781400707779	322.22603799482675	1	1	0	1	1	1	0	1	0	0
14522.051699999996	1.1275396347045898	0.91443932056427	692.5781400707779	322.22603799482675	1	1	0	1	1	1	0	1	0	0
14556.470799999996	1.1275396347045898	0.91443932056427	692.5781400707779	322.22603799482675	1	1	0	1	1	1	0	1	0	0
14591.5873	1.1275396347045898	0.91443932056427	692.5781400707779	322.22603799482675	1	1	0	1	1	1	0	1	0	0
14626.474199999997	1.1275396347045898	0.91443932056427	692.5781400707779	322.22603799482675	1	1	0	1	1	1	0	1	0	0
14661.598400000003	1.1275396347045898	0.91443932056427	692.5781400707779	322.22603799482675	1	1	0	1	1	1	0	1	0	0
14696.478300000002	1.1275396347045898	0.91443932056427	692.5781400707779	322.22603799482675	1	1	0	1	1	1	0	1	0	0
14731.483399999997	1.1275396347045898	0.91443932056427	692.5781400707779	322.22603799482675	1	1	0	1	1	1	0	1	0	0
14765.469800000006	1.1275396347045898	0.91443932056427	692.5781400707779	322.22603799482675	1	1	0	1	1	1	0	1	0	0
14800.805200000003	1.1275396347045898	0.91443932056427	712.7387123871076	331.60586240068415	1	1	0	1	1	1	0	1	0	0
14834.477100000004	1.1275396347045898	0.91443932056427	712.7387123871076	331.60586240068415	1	1	0	1	1	1	0	1	0	0
14869.474499999997	1.1275396347045898	0.91443932056427	712.7387123871076	331.60586240068415	1	1	0	1	1	1	0	1	0	0
14904.731400000004	1.1275396347045898	0.91443932056427	712.7387123871076	331.60586240068415	1	1	0	1	1	1	0	1	0	0
14939.4706	1.1275396347045898	0.91443932056427	712.7387123871076	331.60586240068415	1	1	0	1	1	1	0	1	0	0
14973.735700000005	1.1275396347045898	0.91443932056427	712.7387123871076	331.60586240068415	1	1	0	1	1	1	0	1	0	0
15007.756000000008	1.1275396347045898	0.91443932056427	712.7387123871076	331.60586240068415	1	1	0	1	1	1	0	1	0	0
15041.629799999995	1.1275396347045898	0.91443932056427	712.7387123871076	331.60586240068415	1	1	0	1	1	1	0	1	0	0
15075.473400000003	1.1275396347045898	0.91443932056427	712.7387123871076	331.60586240068415	1	1	0	1	1	1	0	1	0	0
15111.4905	1.1275396347045898	0.91443932056427	712.7387123871076	331.60586240068415	1	1	0	1	1	1	0	1	0	0
15146.5576	1.1275396347045898	0.91443932056427	712.7387123871076	331.60586240068415	1	1	0	1	1	1	0	1	0	0
15181.562300000005	1.1275396347045898	0.91443932056427	712.7387123871076	331.60586240068415	1	1	0	1	1	1	0	1	0	0
15217.572700000004	1.1275396347045898	0.91443932056427	712.7387123871076	331.60586240068415	1	1	0	1	1	1	0	1	0	0
15251.612099999998	1.1275396347045898	0.91443932056427	712.7387123871076	331.60586240068415	1	1	0	1	1	1	0	1	0	0
15286.579899999997	1.1275396347045898	0.91443932056427	712.7387123871076	331.60586240068415	1	1	0	1	1	1	0	1	0	0
15321.4847	1.1275396347045898	0.91443932056427	712.7387123871076	331.60586240068415	1	1	0	1	1	1	0	1	0	0
15355.578699999998	1.1275396347045898	0.91443932056427	712.7387123871076	331.60586240068415	1	1	0	1	1	1	0	1	0	0
15390.480599999995	1.1275396347045898	0.91443932056427	712.7387123871076	331.60586240068415	1	1	0	1	1	1	0	1	0	0
15424.487200000003	1.1275396347045898	0.91443932056427	712.7387123871076	331.60586240068415	1	1	0	1	1	1	0	1	0	0
15459.485400000005	1.1275396347045898	0.91443932056427	712.7387123871076	331.60586240068415	1	1	0	1	1	1	0	1	0	0
15493.474199999997	1.1275396347045898	0.91443932056427	712.7387123871076	331.60586240068415	1	1	0	1	1	1	0	1	0	0
15527.603700000007	1.1275396347045898	0.91443932056427	712.7387123871076	331.60586240068415	1	1	0	1	1	1	0	1	0	0
15561.6259	1.1275396347045898	0.91443932056427	712.7387123871076	331.60586240068415	1	1	0	1	1	1	0	1	0	0
15596.471099999995	1.1275396347045898	0.91443932056427	712.7387123871076	331.60586240068415	1	1	0	1	1	1	0	1	0	0
15630.495200000005	1.1275396347045898	0.91443932056427	725.9591572827162	337.7567518567181	1	1	0	1	1	1	0	1	0	0
15665.482100000008	1.1275396347045898	0.91443932056427	725.9591572827162	337.7567518567181	1	1	0	1	1	1	0	1	0	0
15699.606700000004	1.1275396347045898	0.91443932056427	725.9591572827162	337.7567518567181	1	1	0	1	1	1	0	1	0	0
15734.471300000005	1.1275396347045898	0.91443932056427	725.9591572827162	337.7567518567181	1	1	0	1	1	1	0	1	0	0
15768.545599999998	1.1275396347045898	0.91443932056427	725.9591572827162	337.7567518567181	1	1	0	1	1	1	0	1	0	0
15802.585900000005	1.1275396347045898	0.91443932056427	725.9591572827162	337.7567518567181	1	1	0	1	1	1	0	1	0	0
15836.590100000001	1.1275396347045898	0.91443932056427	725.9591572827162	337.7567518567181	1	1	0	1	1	1	0	1	0	0
15870.622300000003	1.1275396347045898	0.91443932056427	725.9591572827162	337.7567518567181	1	1	0	1	1	1	0	1	0	0
15904.497199999998	1.1275396347045898	0.91443932056427	725.9591572827162	337.7567518567181	1	1	0	1	1	1	0	1	0	0
15940.328900000008	1.1275396347045898	0.91443932056427	725.9591572827162	337.7567518567181	1	1	0	1	1	1	0	1	0	0
15973.9283	1.1275396347045898	0.91443932056427	725.9591572827162	337.7567518567181	1	1	0	1	1	1	0	1	0	0
16009.202099999995	1.1275396347045898	0.91443932056427	725.9591572827162	337.7567518567181	1	1	0	1	1	1	0	1	0	0
16042.944799999997	1.1275396347045898	0.91443932056427	725.9591572827162	337.7567518567181	1	1	0	1	1	1	0	1	0	0
16076.963900000002	1.1275396347045898	0.91443932056427	725.9591572827162	337.7567518567181	1	1	0	1	1	1	0	1	0	0
16111.9516	1.1275396347045898	0.91443932056427	725.9591572827162	337.7567518567181	1	1	0	1	1	1	0	1	0	0
16173.962800000008	1.1275396347045898	0.91443932056427	725.9591572827162	337.7567518567181	1	1	0	1	1	1	0	1	0	0
16209.973200000008	1.1275396347045898	0.91443932056427	725.9591572827162	337.7567518567181	1	1	0	1	1	1	0	1	0	0
16245.0919	1.1275396347045898	0.91443932056427	725.9591572827162	337.7567518567181	1	1	0	1	1	1	0	1	0	0
16280.275999999998	1.1275396347045898	0.91443932056427	725.9591572827162	337.7567518567181	1	1	0	1	1	1	0	1	0	0
16315.026100000003	1.1275396347045898	0.91443932056427	725.9591572827162	337.7567518567181	1	1	0	1	1	1	0	1	0	0
16350.190300000002	1.1275396347045898	0.91443932056427	725.9591572827162	337.7567518567181	1	1	0	1	1	1	0	1	0	0
16385.0331	1.1275396347045898	0.91443932056427	725.9591572827162	337.7567518567181	1	1	0	1	1	1	0	1	0	0
16419.126000000004	1.1275396347045898	0.91443932056427	725.9591572827162	337.7567518567181	1	1	0	1	1	1	0	1	0	0
16453.103799999997	1.1275396347045898	0.91443932056427	725.9591572827162	337.7567518567181	1	1	0	1	1	1	0	1	0	0
16487.946800000005	1.1275396347045898	0.91443932056427	733.1675981439266	341.1105212069759	1	1	0	1	1	1	0	1	0	0
16523.051699999996	0.5511330962181091	0.6751209497451782	733.1675981439266	341.1105212069759	1	1	0	1	1	1	0	1	0	0
16558.037200000006	0.5511330962181091	0.6751209497451782	733.1675981439266	341.1105212069759	1	1	0	1	1	1	0	1	0	0
16591.945300000007	0.5511330962181091	0.6751209497451782	733.1675981439266	341.1105212069759	1	1	0	1	1	1	0	1	0	0
16626.9485	0.5511330962181091	0.6751209497451782	733.1675981439266	341.1105212069759	1	1	0	1	1	1	0	1	0	0
16662.117599999998	0.5511330962181091	0.6751209497451782	733.1675981439266	341.1105212069759	1	1	0	1	1	1	0	1	0	0
16696.953900000008	0.5511330962181091	0.6751209497451782	733.1675981439266	341.1105212069759	1	1	0	1	1	1	0	1	0	0
16732.973899999997	0.5511330962181091	0.6751209497451782	733.1675981439266	341.1105212069759	1	1	0	1	1	1	0	1	0	0
16767.962	0.5511330962181091	0.6751209497451782	733.1675981439266	341.1105212069759	1	1	0	1	1	1	0	1	0	0
16802.521000000008	0.5511330962181091	0.6751209497451782	733.1675981439266	341.1105212069759	1	1	0	1	1	1	0	1	0	0
16835.960000000006	0.5511330962181091	0.6751209497451782	733.1675981439266	341.1105212069759	1	1	0	1	1	1	0	1	0	0
16871.327000000005	0.5511330962181091	0.6751209497451782	733.1675981439266	341.1105212069759	1	1	0	1	1	1	0	1	0	0
16905.968399999998	0.5511330962181091	0.6751209497451782	733.1675981439266	341.1105212069759	1	1	0	1	1	1	0	1	0	0
16941.524999999994	0.5511330962181091	0.6751209497451782	733.1675981439266	341.1105212069759	1	1	0	1	1	1	0	1	0	0
16974.953999999998	0.5511330962181091	0.6751209497451782	733.1675981439266	341.1105212069759	1	1	0	1	1	1	0	1	0	0
17009.045100000003	0.5511330962181091	0.6751209497451782	733.1675981439266	341.1105212069759	1	1	0	1	1	1	0	1	0	0
17043.023499999996	0.5511330962181091	0.6751209497451782	733.1675981439266	341.1105212069759	1	1	0	1	1	1	0	1	0	0
17077.286999999997	0.5511330962181091	0.6751209497451782	733.1675981439266	341.1105212069759	1	1	0	1	1	1	0	1	0	0
17112.273499999996	0.5511330962181091	0.6751209497451782	733.1675981439266	341.1105212069759	1	1	0	1	1	1	0	1	0	0
17147.3796	0.5511330962181091	0.6751209497451782	733.1675981439266	341.1105212069759	1	1	0	1	1	1	0	1	0	0
17182.085399999996	0.5511330962181091	0.6751209497451782	733.1675981439266	341.1105212069759	1	1	0	1	1	1	0	1	0	0
17218.171400000007	0.5511330962181091	0.6751209497451782	733.1675981439266	341.1105212069759	1	1	0	1	1	1	0	1	0	0
17251.952000000005	0.5511330962181091	0.6751209497451782	733.1675981439266	341.1105212069759	1	1	0	1	1	1	0	1	0	0
17287.051300000006	0.5511330962181091	0.6751209497451782	733.1675981439266	341.1105212069759	1	1	0	1	1	1	0	1	0	0
17321.0368	0.5511330962181091	0.6751209497451782	733.1675981439266	341.1105212069759	1	1	0	1	1	1	0	1	0	0
17355.945300000007	0.5511330962181091	0.6751209497451782	733.1675981439266	341.1105212069759	1	1	0	1	1	1	0	1	0	0
17389.989799999996	0.5511330962181091	0.6751209497451782	733.1675981439266	341.1105212069759	1	1	0	1	1	1	0	1	0	0
17424.9626	0.5511330962181091	0.6751209497451782	733.1675981439266	341.1105212069759	1	1	0	1	1	1	0	1	0	0
17460.3324	0.5511330962181091	0.6751209497451782	733.1675981439266	341.1105212069759	1	1	0	1	1	1	0	1	0	0
17494.084400000007	0.5511330962181091	0.6751209497451782	733.1675981439266	341.1105212069759	1	1	0	1	1	1	0	1	0	0
17529.052500000005	0.5511330962181091	0.6751209497451782	733.1675981439266	341.1105212069759	1	1	0	1	1	1	0	1	0	0
17562.939500000008	0.5511330962181091	0.6751209497451782	735.3932652896187	342.14602588833714	1	1	0	1	1	1	0	1	0	0
17597.096999999994	0.5578502416610718	0.7766666412353516	735.3932652896187	342.14602588833714	1	1	0	1	1	1	0	1	0	0
17632.0107	0.5578502416610718	0.7766666412353516	735.3932652896187	342.14602588833714	1	1	0	1	1	1	0	1	0	0
17667.435100000002	0.5578502416610718	0.7766666412353516	735.3932652896187	342.14602588833714	1	1	0	1	1	1	0	1	0	0
17702.149099999995	0.5578502416610718	0.7766666412353516	735.3932652896187	342.14602588833714	1	1	0	1	1	1	0	1	0	0
17737.430399999997	0.5578502416610718	0.7766666412353516	735.3932652896187	342.14602588833714	1	1	0	1	1	1	0	1	0	0
17771.1091	0.5578502416610718	0.7766666412353516	735.3932652896187	342.14602588833714	1	1	0	1	1	1	0	1	0	0
17805.956399999995	0.5578502416610718	0.7766666412353516	735.3932652896187	342.14602588833714	1	1	0	1	1	1	0	1	0	0
17839.955799999996	0.5578502416610718	0.7766666412353516	735.3932652896187	342.14602588833714	1	1	0	1	1	1	0	1	0	0
17874.045100000003	0.5578502416610718	0.7766666412353516	735.3932652896187	342.14602588833714	1	1	0	1	1	1	0	1	0	0
17908.2074	0.5578502416610718	0.7766666412353516	735.3932652896187	342.14602588833714	1	1	0	1	1	1	0	1	0	0
17943.0527	0.5578502416610718	0.7766666412353516	735.3932652896187	342.14602588833714	1	1	0	1	1	1	0	1	0	0
17977.879199999996	0.5578502416610718	0.7766666412353516	735.3932652896187	342.14602588833714	1	1	0	1	1	1	0	1	0	0
18011.0049	0.5578502416610718	0.7766666412353516	735.3932652896187	342.14602588833714	1	1	0	1	1	1	0	1	0	0
18045.8955	0.5578502416610718	0.7766666412353516	735.3932652896187	342.14602588833714	1	1	0	1	1	1	0	1	0	0
18079.888900000005	0.5578502416610718	0.7766666412353516	735.3932652896187	342.14602588833714	1	1	0	1	1	1	0	1	0	0
18114.912299999996	0.5578502416610718	0.7766666412353516	735.3932652896187	342.14602588833714	1	1	0	1	1	1	0	1	0	0
18148.8949	0.5578502416610718	0.7766666412353516	735.3932652896187	342.14602588833714	1	1	0	1	1	1	0	1	0	0
18182.940000000002	0.5578502416610718	0.7766666412353516	735.3932652896187	342.14602588833714	1	1	0	1	1	1	0	1	0	0
18217.141799999998	0.5578502416610718	0.7766666412353516	735.3932652896187	342.14602588833714	1	1	0	1	1	1	0	1	0	0
18251.443199999994	0.5578502416610718	0.7766666412353516	735.3932652896187	342.14602588833714	1	1	0	1	1	1	0	1	0	0
18286.0585	0.5578502416610718	0.7766666412353516	735.3932652896187	342.14602588833714	1	1	0	1	1	1	0	1	0	0
18320.000799999994	0.5578502416610718	0.7766666412353516	735.3932652896187	342.14602588833714	1	1	0	1	1	1	0	1	0	0
18354.891400000008	0.5578502416610718	0.7766666412353516	735.3932652896187	342.14602588833714	1	1	0	1	1	1	0	1	0	0
18389.140700000004	0.5578502416610718	0.7766666412353516	735.3932652896187	342.14602588833714	1	1	0	1	1	1	0	1	0	0
18424.6256	0.5578502416610718	0.7766666412353516	735.3932652896187	342.14602588833714	1	1	0	1	1	1	0	1	0	0
18457.8799	0.5578502416610718	0.7766666412353516	735.3932652896187	342.14602588833714	1	1	0	1	1	1	0	1	0	0
18491.893500000006	0.5578502416610718	0.7766666412353516	735.3932652896187	342.14602588833714	1	1	0	1	1	1	0	1	0	0
18526.4032	0.5578502416610718	0.7766666412353516	735.3932652896187	342.14602588833714	1	1	0	1	1	1	0	1	0	0
18561.328600000008	0.5578502416610718	0.7766666412353516	733.6932505046552	341.3550840479908	1	1	0	1	1	1	0	1	0	0
18595.733600000007	0.5508648753166199	0.7853973507881165	733.6932505046552	341.3550840479908	1	1	0	1	1	1	0	1	0	0
18630.352100000004	0.5508648753166199	0.7853973507881165	733.6932505046552	341.3550840479908	1	1	0	1	1	1	0	1	0	0
18665.555999999997	0.5508648753166199	0.7853973507881165	733.6932505046552	341.3550840479908	1	1	0	1	1	1	0	1	0	0
18700.639899999995	0.5508648753166199	0.7853973507881165	733.6932505046552	341.3550840479908	1	1	0	1	1	1	0	1	0	0
18734.421199999997	0.5508648753166199	0.7853973507881165	733.6932505046552	341.3550840479908	1	1	0	1	1	1	0	1	0	0
18768.5089	0.5508648753166199	0.7853973507881165	733.6932505046552	341.3550840479908	1	1	0	1	1	1	0	1	0	0
18802.3621	0.5508648753166199	0.7853973507881165	733.6932505046552	341.3550840479908	1	1	0	1	1	1	0	1	0	0
18836.36200000001	0.5508648753166199	0.7853973507881165	733.6932505046552	341.3550840479908	1	1	0	1	1	1	0	1	0	0
18872.547000000006	0.5508648753166199	0.7853973507881165	733.6932505046552	341.3550840479908	1	1	0	1	1	1	0	1	0	0
18907.680699999997	0.5508648753166199	0.7853973507881165	733.6932505046552	341.3550840479908	1	1	0	1	1	1	0	1	0	0
18941.956999999995	0.5508648753166199	0.7853973507881165	733.6932505046552	341.3550840479908	1	1	0	1	1	1	0	1	0	0
18976.3505	0.5508648753166199	0.7853973507881165	733.6932505046552	341.3550840479908	1	1	0	1	1	1	0	1	0	0
19010.358900000007	0.5508648753166199	0.7853973507881165	733.6932505046552	341.3550840479908	1	1	0	1	1	1	0	1	0	0
19045.3382	0.5508648753166199	0.7853973507881165	733.6932505046552	341.3550840479908	1	1	0	1	1	1	0	1	0	0
19079.538799999995	0.5508648753166199	0.7853973507881165	733.6932505046552	341.3550840479908	1	1	0	1	1	1	0	1	0	0
19113.445000000007	0.5508648753166199	0.7853973507881165	733.6932505046552	341.3550840479908	1	1	0	1	1	1	0	1	0	0
19148.338799999998	0.5508648753166199	0.7853973507881165	733.6932505046552	341.3550840479908	1	1	0	1	1	1	0	1	0	0
19182.341799999995	0.5508648753166199	0.7853973507881165	733.6932505046552	341.3550840479908	1	1	0	1	1	1	0	1	0	0
19216.5683	0.5508648753166199	0.7853973507881165	733.6932505046552	341.3550840479908	1	1	0	1	1	1	0	1	0	0
19250.340299999996	0.5508648753166199	0.7853973507881165	733.6932505046552	341.3550840479908	1	1	0	1	1	1	0	1	0	0
19285.423899999994	0.5508648753166199	0.7853973507881165	733.6932505046552	341.3550840479908	1	1	0	1	1	1	0	1	0	0
19319.434200000003	0.5508648753166199	0.7853973507881165	733.6932505046552	341.3550840479908	1	1	0	1	1	1	0	1	0	0
