0.000000000000000000e+00 0.000000000000000000e+00
0.000000000000000000e+00 0.000000000000000000e+00
0.000000000000000000e+00 0.000000000000000000e+00
0.000000000000000000e+00 0.000000000000000000e+00
0.000000000000000000e+00 0.000000000000000000e+00
0.000000000000000000e+00 0.000000000000000000e+00
0.000000000000000000e+00 0.000000000000000000e+00
0.000000000000000000e+00 0.000000000000000000e+00
0.000000000000000000e+00 0.000000000000000000e+00
0.000000000000000000e+00 0.000000000000000000e+00
2.742280364036560059e-01 5.805259943008422852e-01
2.742280364036560059e-01 5.805259943008422852e-01
2.742280364036560059e-01 5.805259943008422852e-01
2.742280364036560059e-01 5.805259943008422852e-01
2.680357396602630615e-01 5.849534273147583008e-01
2.680357396602630615e-01 5.849534273147583008e-01
2.680357396602630615e-01 5.849534273147583008e-01
2.680357396602630615e-01 5.849534273147583008e-01
2.747065126895904541e-01 5.943310260772705078e-01
2.747065126895904541e-01 5.943310260772705078e-01
2.747065126895904541e-01 5.943310260772705078e-01
