6.083778142929077148e-01 6.473551988601684570e-01
6.083778142929077148e-01 6.473551988601684570e-01
6.083778142929077148e-01 6.473551988601684570e-01
5.644272565841674805e-01 6.389459967613220215e-01
5.644272565841674805e-01 6.389459967613220215e-01
5.644272565841674805e-01 6.389459967613220215e-01
5.594655275344848633e-01 6.357471942901611328e-01
5.594655275344848633e-01 6.357471942901611328e-01
5.594655275344848633e-01 6.357471942901611328e-01
5.594655275344848633e-01 6.357471942901611328e-01
5.594655275344848633e-01 6.357471942901611328e-01
5.594655275344848633e-01 6.357471942901611328e-01
5.735281705856323242e-01 6.335855126380920410e-01
5.735281705856323242e-01 6.335855126380920410e-01
5.735281705856323242e-01 6.335855126380920410e-01
5.735281705856323242e-01 6.335855126380920410e-01
5.819926857948303223e-01 6.486407518386840820e-01
5.819926857948303223e-01 6.486407518386840820e-01
5.819926857948303223e-01 6.486407518386840820e-01
5.966933965682983398e-01 6.323562860488891602e-01
5.966933965682983398e-01 6.323562860488891602e-01
5.966933965682983398e-01 6.323562860488891602e-01
5.966933965682983398e-01 6.323562860488891602e-01
5.999531745910644531e-01 6.372811794281005859e-01
